starting
[1, 16, 11, 19, 2, 0, 18, 5, 17, 6, 13, 4, 14, 9, 3, 7, 15, 8, 10, 12]
len =  172.7586332734094
[5, 16, 19, 12, 15, 13, 11, 6, 1, 2, 0, 18, 4, 10, 17, 8, 3, 14, 9, 7]
len =  178.84921988630578
[12, 16, 14, 9, 3, 7, 19, 5, 18, 4, 0, 17, 8, 15, 13, 11, 10, 6, 1, 2]
len =  175.23037217596408
[0, 17, 8, 15, 4, 13, 14, 10, 6, 9, 3, 7, 19, 2, 18, 5, 1, 16, 11, 12]
len =  175.5326499538155
[1, 2, 0, 18, 4, 5, 17, 8, 3, 15, 6, 16, 11, 12, 10, 14, 9, 7, 19, 13]
len =  171.88967344933414
[1, 18, 4, 0, 17, 12, 3, 14, 2, 6, 16, 11, 19, 10, 15, 8, 13, 9, 7, 5]
len =  167.05944599502334
[5, 16, 19, 12, 4, 13, 11, 10, 2, 6, 1, 18, 0, 17, 8, 15, 14, 9, 3, 7]
len =  172.46790686668305
[14, 8, 13, 4, 2, 6, 9, 3, 19, 10, 17, 11, 12, 15, 7, 5, 18, 0, 1, 16]
len =  169.3983516290965
[15, 8, 10, 12, 18, 4, 13, 1, 2, 0, 17, 6, 16, 11, 19, 3, 14, 9, 7, 5]
len =  172.00151053986824
[10, 6, 16, 11, 13, 1, 2, 0, 18, 8, 15, 7, 9, 3, 19, 5, 17, 12, 4, 14]
len =  172.14718271899005
[9, 3, 14, 10, 17, 12, 16, 7, 19, 2, 0, 1, 18, 4, 5, 15, 8, 13, 11, 6]
len =  171.30762287965814
[18, 8, 15, 4, 2, 12, 0, 17, 6, 1, 16, 14, 9, 3, 19, 13, 11, 10, 7, 5]
len =  175.21492508401772
[1, 2, 0, 18, 8, 15, 14, 9, 7, 19, 3, 13, 4, 5, 16, 11, 12, 10, 17, 6]
len =  177.67934979369238
[5, 17, 6, 16, 19, 15, 8, 11, 13, 1, 2, 0, 18, 7, 9, 3, 14, 10, 12, 4]
len =  172.45630890609897
[10, 12, 18, 5, 1, 9, 3, 14, 8, 13, 4, 15, 7, 19, 2, 0, 17, 6, 16, 11]
len =  169.4385792535121
[16, 9, 7, 15, 4, 10, 17, 13, 14, 8, 11, 2, 6, 1, 3, 19, 12, 0, 18, 5]
len =  170.99642210977024
[0, 10, 17, 13, 4, 2, 15, 14, 8, 3, 19, 12, 1, 16, 11, 6, 9, 7, 5, 18]
len =  166.70049041124878
[1, 16, 9, 3, 19, 8, 15, 14, 10, 12, 4, 5, 18, 7, 13, 11, 2, 0, 17, 6]
len =  171.24266506968476
[12, 15, 4, 2, 6, 16, 19, 10, 17, 0, 18, 8, 3, 14, 9, 7, 5, 1, 13, 11]
len =  171.4201228081077
[1, 2, 0, 17, 12, 15, 8, 10, 7, 19, 5, 18, 6, 16, 11, 13, 4, 14, 9, 3]
len =  169.10234610541974
[15, 8, 3, 7, 5, 18, 4, 13, 14, 10, 6, 9, 0, 17, 11, 2, 1, 16, 19, 12]
len =  171.33355279120073
[8, 0, 7, 5, 1, 16, 19, 2, 6, 9, 3, 14, 10, 17, 4, 15, 13, 11, 12, 18]
len =  173.63478637607756
[1, 3, 14, 9, 7, 13, 11, 12, 0, 10, 17, 8, 15, 18, 4, 5, 16, 19, 2, 6]
len =  172.98910945170957
[14, 9, 7, 5, 1, 18, 4, 13, 11, 2, 0, 17, 15, 8, 3, 19, 12, 10, 6, 16]
len =  172.875564968915
[5, 15, 7, 19, 2, 0, 18, 8, 13, 14, 9, 3, 6, 1, 16, 11, 12, 10, 17, 4]
len =  172.30277338795068
[3, 14, 2, 0, 17, 4, 10, 6, 1, 16, 18, 5, 9, 7, 19, 13, 11, 12, 15, 8]
len =  175.76501444780328
[15, 14, 9, 3, 7, 19, 10, 1, 16, 11, 13, 4, 5, 17, 6, 2, 12, 0, 18, 8]
len =  173.5604609450367
[1, 2, 0, 15, 14, 9, 3, 19, 13, 4, 10, 17, 8, 11, 12, 16, 7, 5, 18, 6]
len =  174.14433304094558
[15, 8, 0, 18, 5, 16, 11, 12, 3, 14, 10, 17, 6, 1, 2, 9, 7, 19, 13, 4]
len =  174.34281218675576
[10, 12, 16, 11, 13, 1, 18, 5, 17, 0, 7, 19, 2, 6, 9, 3, 14, 8, 15, 4]
len =  173.58523069403307
[12, 15, 8, 7, 5, 17, 13, 9, 3, 14, 10, 11, 6, 1, 2, 0, 18, 4, 16, 19]
len =  174.20932935231193
[16, 11, 12, 15, 4, 5, 17, 0, 18, 8, 13, 14, 10, 6, 9, 3, 7, 19, 2, 1]
len =  175.04606997789816
[9, 3, 14, 8, 15, 13, 11, 12, 10, 17, 6, 1, 2, 0, 18, 4, 5, 16, 19, 7]
len =  175.41450798293764
[13, 11, 12, 15, 14, 8, 10, 6, 1, 16, 9, 3, 7, 5, 19, 2, 0, 18, 4, 17]
len =  174.54462191309028
[0, 17, 8, 7, 5, 18, 4, 10, 2, 6, 15, 14, 9, 3, 19, 13, 1, 16, 11, 12]
len =  170.79875916203744
[10, 17, 6, 1, 18, 0, 7, 5, 16, 11, 12, 15, 13, 4, 14, 9, 3, 19, 2, 8]
len =  174.94089754780126
[3, 7, 19, 13, 16, 11, 12, 0, 18, 5, 17, 6, 1, 2, 8, 15, 4, 10, 14, 9]
len =  170.50938649581693
[5, 17, 8, 10, 6, 1, 16, 14, 9, 3, 19, 2, 0, 18, 4, 13, 11, 12, 15, 7]
len =  177.54419149946713
[4, 10, 11, 6, 1, 18, 14, 8, 15, 13, 9, 3, 7, 5, 16, 19, 2, 0, 17, 12]
len =  170.49124562057384
[13, 14, 9, 3, 7, 5, 17, 11, 12, 4, 2, 0, 18, 8, 10, 6, 1, 16, 19, 15]
len =  175.24168567363654
[19, 2, 6, 1, 16, 9, 3, 7, 5, 18, 0, 12, 15, 8, 13, 4, 14, 10, 17, 11]
len =  173.36709918203695
[8, 11, 10, 7, 5, 19, 12, 15, 13, 4, 16, 9, 3, 14, 2, 6, 1, 18, 0, 17]
len =  170.71085104836123
[1, 16, 14, 9, 3, 19, 2, 12, 0, 18, 7, 5, 15, 8, 11, 13, 4, 10, 17, 6]
len =  173.43087331302297
[17, 6, 1, 18, 10, 11, 13, 14, 8, 15, 4, 5, 16, 9, 3, 7, 19, 2, 12, 0]
len =  170.1045429826426
[14, 9, 3, 19, 13, 11, 12, 1, 2, 0, 7, 5, 16, 18, 4, 10, 6, 17, 8, 15]
len =  177.02066970729655
[5, 17, 13, 11, 2, 6, 1, 18, 0, 7, 9, 3, 14, 10, 12, 16, 19, 8, 15, 4]
len =  173.32283287029895
[15, 8, 7, 19, 2, 6, 9, 3, 14, 10, 17, 11, 13, 4, 5, 1, 16, 18, 0, 12]
len =  173.1704311720569
[19, 2, 6, 9, 3, 14, 10, 12, 16, 11, 13, 1, 18, 8, 15, 4, 5, 17, 0, 7]
len =  174.53318701500862
[14, 2, 0, 17, 6, 9, 7, 15, 4, 5, 19, 13, 11, 10, 12, 1, 16, 18, 8, 3]
len =  172.36694350967642
[19, 2, 0, 17, 8, 15, 14, 9, 3, 18, 4, 5, 1, 16, 7, 13, 11, 12, 10, 6]
len =  171.38591505376218
[16, 7, 19, 13, 1, 2, 0, 17, 6, 9, 3, 14, 10, 15, 4, 5, 18, 8, 11, 12]
len =  174.67122504926684
[13, 4, 5, 18, 9, 3, 14, 2, 6, 1, 16, 19, 15, 8, 11, 12, 10, 17, 0, 7]
len =  171.90698662747454
[7, 5, 16, 11, 6, 1, 2, 12, 15, 13, 14, 9, 3, 19, 10, 17, 4, 0, 18, 8]
len =  172.93340614096448
[11, 12, 15, 14, 10, 1, 16, 19, 2, 6, 9, 7, 5, 18, 8, 3, 13, 4, 0, 17]
len =  171.69804366808432
[0, 7, 5, 19, 15, 6, 16, 18, 8, 13, 4, 9, 3, 14, 10, 17, 11, 12, 1, 2]
len =  169.04110662335086
[4, 5, 18, 8, 10, 6, 1, 16, 19, 2, 0, 17, 3, 14, 9, 7, 13, 11, 12, 15]
len =  177.82211023465723
[15, 8, 3, 14, 2, 9, 7, 5, 17, 4, 10, 6, 1, 16, 19, 13, 11, 12, 0, 18]
len =  171.27813758643
[15, 14, 9, 3, 7, 5, 17, 8, 11, 2, 6, 13, 4, 10, 12, 1, 16, 19, 18, 0]
len =  168.40092078920142
[7, 5, 18, 4, 15, 8, 11, 12, 10, 17, 6, 1, 16, 19, 13, 14, 9, 3, 2, 0]
len =  176.626020209682
[11, 6, 1, 2, 12, 10, 17, 8, 0, 15, 13, 14, 9, 3, 7, 5, 18, 4, 16, 19]
len =  171.70083298678455
[4, 15, 8, 10, 12, 3, 14, 9, 0, 18, 5, 1, 17, 11, 2, 6, 16, 7, 19, 13]
len =  169.57041845210298
[18, 8, 15, 4, 16, 19, 12, 0, 17, 11, 13, 14, 10, 2, 6, 9, 3, 7, 5, 1]
len =  172.7095418295101
[16, 19, 13, 1, 2, 6, 9, 3, 14, 8, 15, 7, 5, 18, 4, 0, 10, 17, 11, 12]
len =  174.80567413898402
[15, 4, 10, 6, 1, 2, 0, 17, 13, 11, 12, 3, 14, 9, 7, 19, 5, 16, 18, 8]
len =  179.76277107821832
[8, 10, 6, 1, 16, 18, 4, 5, 15, 14, 9, 7, 13, 11, 12, 3, 19, 2, 0, 17]
len =  176.0628790130798
[16, 11, 12, 1, 2, 18, 0, 17, 13, 4, 10, 6, 9, 3, 14, 8, 15, 7, 5, 19]
len =  171.4300944398018
[14, 10, 17, 0, 7, 5, 1, 2, 6, 9, 3, 19, 13, 4, 16, 11, 12, 18, 8, 15]
len =  174.80246248787432
[2, 0, 17, 13, 4, 14, 9, 3, 7, 5, 1, 18, 8, 10, 12, 15, 6, 16, 11, 19]
len =  173.01636279408618
[0, 17, 11, 12, 15, 4, 16, 19, 13, 1, 2, 6, 9, 3, 14, 10, 7, 5, 18, 8]
len =  175.27872752253072
[18, 4, 13, 11, 10, 17, 8, 15, 7, 5, 1, 2, 6, 16, 14, 9, 3, 19, 12, 0]
len =  174.82940356331255
[2, 6, 9, 7, 15, 8, 10, 17, 11, 12, 0, 1, 18, 4, 5, 16, 19, 13, 3, 14]
len =  169.67594548146485
[15, 8, 13, 11, 12, 0, 10, 17, 3, 14, 9, 7, 19, 2, 6, 1, 16, 18, 4, 5]
len =  174.11660486784098
[6, 9, 3, 7, 19, 5, 16, 11, 12, 18, 4, 10, 14, 15, 8, 13, 1, 2, 0, 17]
len =  171.02701831895908
[14, 2, 0, 17, 6, 9, 7, 13, 4, 10, 1, 16, 11, 19, 12, 3, 5, 18, 8, 15]
len =  167.36700623234427
[9, 3, 19, 5, 1, 2, 0, 17, 6, 16, 18, 4, 14, 8, 15, 13, 11, 12, 10, 7]
len =  175.9021454595354
[4, 5, 18, 8, 13, 9, 3, 7, 19, 2, 6, 1, 16, 11, 15, 14, 10, 12, 0, 17]
len =  172.26362231099307
[8, 15, 7, 5, 18, 4, 14, 9, 3, 13, 11, 6, 16, 19, 12, 10, 17, 0, 1, 2]
len =  172.13973168554415
[18, 8, 15, 14, 9, 3, 7, 5, 17, 4, 10, 6, 1, 16, 19, 13, 11, 2, 12, 0]
len =  177.4573447773751
[9, 7, 19, 2, 6, 1, 18, 0, 17, 13, 4, 5, 10, 15, 8, 16, 11, 12, 3, 14]
len =  170.75941467873798
[18, 8, 10, 6, 1, 2, 0, 17, 11, 13, 4, 5, 15, 14, 9, 3, 7, 19, 12, 16]
len =  177.10435993925137
[9, 6, 16, 19, 13, 11, 10, 17, 4, 15, 8, 0, 1, 2, 12, 3, 7, 5, 18, 14]
len =  168.33645746552992
[0, 15, 8, 10, 17, 6, 16, 19, 5, 18, 4, 14, 9, 3, 7, 13, 11, 12, 1, 2]
len =  175.19601552023707
[16, 11, 12, 0, 18, 8, 10, 7, 5, 17, 13, 4, 15, 14, 9, 3, 19, 2, 6, 1]
len =  176.94758872670081
[3, 19, 5, 1, 2, 18, 8, 13, 4, 10, 17, 6, 16, 11, 12, 0, 7, 15, 14, 9]
len =  173.7094044370716
[12, 16, 11, 13, 14, 9, 3, 7, 19, 5, 15, 8, 10, 17, 6, 1, 2, 0, 18, 4]
len =  175.79673136600053
[17, 14, 9, 3, 7, 19, 15, 8, 11, 13, 4, 10, 6, 16, 18, 5, 1, 2, 12, 0]
len =  173.78777678604882
[7, 5, 17, 14, 9, 3, 19, 13, 11, 15, 8, 10, 6, 1, 2, 12, 16, 18, 4, 0]
len =  173.32093904379207
[1, 2, 0, 7, 19, 5, 17, 15, 13, 11, 10, 6, 9, 3, 14, 8, 16, 18, 4, 12]
len =  170.44629051371382
[15, 4, 0, 17, 8, 10, 6, 1, 2, 18, 5, 16, 19, 13, 11, 12, 3, 14, 9, 7]
len =  176.40122573383593
[15, 4, 12, 10, 17, 0, 18, 5, 1, 16, 11, 6, 9, 3, 7, 19, 2, 13, 14, 8]
len =  173.63983161584795
[15, 4, 14, 10, 6, 1, 16, 9, 7, 5, 18, 8, 13, 11, 12, 3, 19, 2, 0, 17]
len =  176.53676377796776
[16, 19, 13, 11, 10, 6, 1, 2, 0, 17, 12, 15, 8, 3, 14, 9, 7, 5, 18, 4]
len =  177.7658984526761
[12, 0, 7, 19, 2, 1, 16, 14, 8, 15, 5, 18, 4, 10, 17, 6, 9, 3, 13, 11]
len =  169.26783315029726
[18, 8, 15, 14, 9, 3, 19, 13, 4, 10, 17, 6, 16, 11, 12, 1, 2, 0, 7, 5]
len =  179.28520462982542
[13, 1, 2, 12, 0, 17, 6, 9, 3, 7, 19, 5, 18, 4, 16, 11, 10, 14, 8, 15]
len =  171.69220006899295
[3, 14, 10, 6, 1, 2, 0, 18, 8, 15, 13, 4, 5, 17, 11, 12, 16, 9, 7, 19]
len =  178.16195218775704
[0, 7, 19, 13, 4, 15, 8, 3, 14, 10, 2, 6, 1, 18, 5, 17, 11, 12, 16, 9]
len =  170.49543064921875
[12, 10, 11, 13, 9, 3, 14, 8, 15, 7, 5, 18, 0, 17, 6, 1, 2, 4, 16, 19]
len =  170.34973404845465
[13, 1, 2, 0, 17, 4, 16, 11, 6, 9, 7, 5, 18, 8, 15, 14, 10, 12, 3, 19]
len =  174.04544677397578
[19, 13, 11, 12, 15, 8, 0, 17, 6, 1, 2, 5, 18, 4, 16, 14, 10, 7, 9, 3]
len =  173.31590278024333
[9, 3, 7, 5, 17, 13, 1, 16, 19, 11, 12, 10, 6, 2, 0, 18, 8, 15, 4, 14]
len =  175.21066192471196
[7, 19, 18, 5, 1, 16, 11, 12, 3, 2, 0, 17, 13, 14, 8, 15, 4, 10, 6, 9]
len =  171.71855728621944
[17, 6, 1, 2, 0, 7, 5, 18, 4, 15, 8, 13, 14, 9, 3, 19, 12, 16, 11, 10]
len =  177.0914592901634
[2, 6, 16, 11, 12, 10, 17, 8, 3, 19, 13, 9, 7, 5, 1, 18, 0, 15, 4, 14]
len =  170.32159065876604
[5, 17, 6, 1, 18, 8, 10, 12, 15, 14, 9, 3, 19, 13, 4, 16, 11, 2, 0, 7]
len =  175.0566870409001
[6, 2, 0, 18, 5, 16, 11, 12, 1, 3, 14, 9, 7, 19, 13, 4, 15, 8, 10, 17]
len =  174.13371996208343
[15, 4, 5, 18, 8, 13, 14, 9, 3, 19, 2, 0, 17, 6, 1, 16, 11, 12, 10, 7]
len =  178.00923169255472
[16, 11, 13, 4, 12, 15, 8, 10, 6, 1, 3, 14, 9, 7, 19, 2, 0, 18, 5, 17]
len =  173.48941844716805
[19, 12, 15, 8, 10, 17, 0, 18, 4, 14, 2, 13, 11, 6, 9, 3, 7, 5, 1, 16]
len =  174.7864290858351
[12, 10, 1, 18, 8, 11, 13, 17, 0, 7, 15, 4, 5, 9, 3, 14, 2, 6, 16, 19]
len =  166.17410776311243
[19, 12, 3, 14, 8, 11, 10, 6, 1, 2, 0, 17, 15, 13, 9, 7, 5, 18, 4, 16]
len =  174.12429808482617
[14, 8, 15, 13, 11, 2, 0, 18, 4, 5, 16, 19, 9, 3, 7, 6, 1, 17, 12, 10]
len =  169.04172397188768
[5, 17, 11, 10, 6, 1, 2, 9, 3, 13, 4, 16, 14, 8, 15, 7, 19, 12, 0, 18]
len =  169.2111214703859
[14, 8, 11, 13, 9, 7, 5, 18, 0, 17, 6, 1, 16, 19, 2, 15, 4, 10, 12, 3]
len =  171.9795256551522
[15, 8, 10, 6, 16, 11, 12, 1, 18, 5, 19, 13, 4, 2, 0, 17, 14, 9, 3, 7]
len =  172.93189747335197
[6, 1, 2, 12, 15, 8, 16, 19, 13, 11, 10, 17, 0, 7, 5, 18, 4, 14, 9, 3]
len =  172.12170505645136
[15, 7, 19, 10, 6, 16, 18, 4, 5, 17, 13, 11, 12, 3, 14, 9, 0, 1, 2, 8]
len =  172.3207862318443
[11, 6, 1, 16, 19, 15, 4, 13, 14, 9, 3, 7, 5, 17, 12, 10, 2, 0, 18, 8]
len =  173.37323399578875
[13, 11, 12, 10, 17, 6, 1, 2, 5, 16, 7, 15, 8, 0, 18, 4, 14, 9, 3, 19]
len =  174.63240668277444
[9, 3, 14, 2, 1, 16, 7, 5, 18, 4, 12, 0, 15, 8, 10, 6, 17, 11, 19, 13]
len =  168.0956691420871
[7, 5, 18, 4, 10, 6, 1, 16, 9, 3, 19, 2, 13, 11, 12, 0, 17, 15, 14, 8]
len =  174.77869102747212
[10, 17, 6, 9, 3, 19, 12, 16, 18, 4, 5, 1, 2, 0, 7, 15, 14, 8, 13, 11]
len =  173.93313036302195
[9, 3, 14, 8, 11, 12, 18, 5, 16, 19, 13, 4, 10, 17, 6, 1, 2, 0, 15, 7]
len =  175.24638505423607
[8, 11, 6, 9, 7, 15, 4, 10, 14, 2, 0, 12, 3, 19, 13, 1, 16, 18, 5, 17]
len =  169.24847602065117
[9, 3, 14, 8, 15, 13, 11, 6, 1, 2, 0, 17, 12, 10, 7, 5, 18, 4, 16, 19]
len =  175.48370896841237
[4, 10, 12, 0, 17, 15, 14, 2, 8, 11, 6, 1, 3, 19, 13, 9, 7, 5, 16, 18]
len =  169.463133252004
[13, 11, 6, 10, 17, 15, 8, 3, 14, 9, 7, 5, 1, 2, 12, 0, 18, 4, 16, 19]
len =  171.1387409394668
[5, 17, 6, 9, 3, 14, 10, 7, 19, 12, 16, 11, 13, 1, 2, 0, 18, 8, 15, 4]
len =  176.9928073966057
[3, 19, 2, 6, 1, 16, 11, 12, 15, 4, 5, 18, 8, 0, 17, 13, 14, 10, 7, 9]
len =  177.0617556841873
[16, 18, 4, 13, 14, 9, 3, 19, 15, 8, 10, 7, 5, 1, 2, 0, 17, 11, 12, 6]
len =  173.56364124498205
[14, 9, 7, 5, 17, 6, 1, 16, 18, 4, 0, 15, 13, 11, 2, 8, 10, 12, 3, 19]
len =  166.8123638623486
[0, 17, 6, 1, 16, 11, 19, 15, 13, 4, 14, 9, 3, 7, 5, 18, 8, 10, 2, 12]
len =  172.6055750799166
[5, 17, 13, 1, 16, 11, 6, 2, 0, 7, 9, 3, 19, 15, 14, 8, 10, 12, 18, 4]
len =  171.3602985301139
[14, 9, 7, 15, 8, 10, 6, 1, 2, 0, 18, 4, 5, 17, 16, 19, 13, 11, 12, 3]
len =  178.02397393110795
[1, 16, 14, 9, 7, 5, 19, 2, 12, 3, 13, 4, 0, 15, 18, 8, 10, 17, 11, 6]
len =  167.72263981399834
[17, 6, 13, 11, 12, 1, 18, 8, 15, 4, 5, 16, 19, 2, 0, 7, 9, 3, 14, 10]
len =  176.57275732035998
[16, 11, 12, 0, 17, 13, 9, 3, 14, 2, 8, 15, 7, 19, 5, 18, 4, 10, 6, 1]
len =  175.14278131578075
[3, 19, 2, 6, 1, 16, 11, 12, 18, 0, 17, 14, 8, 15, 13, 4, 10, 7, 5, 9]
len =  173.2825560626254
[15, 14, 9, 3, 19, 13, 4, 5, 18, 1, 2, 6, 16, 11, 12, 0, 7, 17, 8, 10]
len =  170.3568866528755
[13, 14, 8, 11, 12, 10, 17, 0, 18, 4, 5, 15, 7, 9, 3, 2, 6, 1, 16, 19]
len =  172.09853400063838
[3, 19, 13, 14, 10, 6, 1, 2, 0, 17, 11, 12, 4, 5, 16, 18, 8, 15, 7, 9]
len =  177.40548186979203
[19, 12, 15, 14, 10, 6, 1, 16, 18, 8, 3, 13, 11, 2, 0, 17, 4, 5, 9, 7]
len =  171.8683706989313
[7, 19, 13, 9, 3, 14, 2, 0, 18, 5, 17, 4, 10, 6, 1, 16, 11, 12, 15, 8]
len =  175.98157019862475
[9, 3, 19, 10, 1, 2, 0, 17, 13, 14, 8, 15, 7, 5, 18, 4, 16, 11, 12, 6]
len =  171.362070495998
[7, 19, 13, 1, 2, 6, 16, 9, 3, 14, 10, 11, 12, 15, 8, 0, 17, 4, 5, 18]
len =  173.59765127486105
[11, 13, 4, 5, 17, 6, 1, 2, 0, 18, 8, 10, 12, 3, 19, 15, 14, 9, 7, 16]
len =  174.16585495470179
[15, 7, 19, 12, 18, 8, 13, 4, 5, 1, 16, 11, 2, 6, 9, 0, 17, 3, 14, 10]
len =  166.47327139188843
[16, 9, 3, 7, 19, 13, 11, 6, 1, 2, 4, 0, 18, 5, 17, 8, 15, 14, 10, 12]
len =  172.45784633140826
[7, 19, 2, 0, 17, 13, 9, 3, 14, 10, 6, 1, 16, 11, 12, 15, 4, 5, 18, 8]
len =  177.94214357156613
[18, 8, 15, 14, 10, 11, 12, 16, 19, 2, 6, 1, 9, 3, 7, 5, 17, 13, 4, 0]
len =  173.67646489200777
[18, 4, 5, 19, 12, 15, 8, 0, 7, 9, 3, 14, 10, 17, 13, 11, 2, 6, 1, 16]
len =  175.71698759156638
[18, 1, 2, 0, 15, 8, 11, 6, 16, 19, 13, 4, 10, 17, 12, 3, 14, 9, 7, 5]
len =  173.79837673395394
[18, 0, 17, 13, 11, 12, 6, 2, 1, 16, 19, 9, 3, 14, 8, 15, 4, 10, 7, 5]
len =  170.77714565360182
[15, 4, 5, 18, 8, 7, 19, 2, 6, 1, 16, 9, 3, 13, 14, 10, 11, 12, 0, 17]
len =  172.43842250589017
[4, 14, 9, 3, 7, 5, 18, 8, 15, 13, 11, 12, 10, 6, 1, 16, 19, 2, 0, 17]
len =  180.2448235337091
[9, 3, 14, 2, 0, 1, 18, 7, 5, 17, 8, 15, 13, 11, 19, 12, 4, 10, 6, 16]
len =  170.40074138752036
[16, 19, 15, 8, 13, 1, 2, 0, 17, 11, 6, 9, 3, 14, 10, 7, 5, 18, 4, 12]
len =  173.79874013216795
[13, 11, 10, 14, 17, 6, 1, 2, 12, 15, 4, 18, 8, 0, 7, 5, 16, 9, 3, 19]
len =  168.77831618491518
[3, 14, 10, 12, 15, 7, 19, 18, 8, 13, 4, 5, 1, 16, 11, 2, 0, 17, 6, 9]
len =  172.53727054713468
[4, 10, 6, 17, 11, 12, 1, 16, 9, 3, 19, 13, 14, 2, 0, 7, 5, 18, 8, 15]
len =  175.34178783904957
[17, 11, 12, 0, 18, 4, 5, 1, 2, 6, 16, 9, 3, 19, 8, 15, 7, 13, 14, 10]
len =  173.5126445888099
[7, 9, 3, 14, 10, 17, 13, 11, 6, 1, 2, 0, 18, 4, 5, 16, 19, 12, 15, 8]
len =  178.58616672338906
[9, 6, 1, 16, 19, 2, 12, 0, 18, 4, 5, 17, 3, 7, 15, 8, 13, 11, 10, 14]
len =  170.74295387520505
[16, 19, 2, 0, 17, 12, 15, 13, 4, 14, 9, 3, 7, 5, 18, 8, 10, 11, 6, 1]
len =  176.48713279951127
[13, 11, 6, 1, 16, 9, 3, 19, 12, 15, 4, 5, 18, 8, 10, 17, 14, 2, 0, 7]
len =  175.02259996043836
[9, 3, 14, 2, 0, 17, 8, 13, 1, 16, 11, 19, 12, 15, 7, 5, 18, 4, 10, 6]
len =  174.32501943050943
[7, 5, 16, 19, 12, 15, 8, 13, 4, 2, 0, 17, 11, 10, 6, 1, 18, 14, 9, 3]
len =  174.03255221888836
[19, 2, 6, 1, 16, 9, 0, 18, 4, 5, 17, 8, 15, 14, 10, 7, 13, 11, 12, 3]
len =  174.0825735217753
[2, 12, 0, 7, 5, 17, 13, 14, 9, 3, 19, 15, 8, 11, 6, 1, 16, 18, 4, 10]
len =  173.16229214576234
[3, 14, 9, 7, 5, 17, 13, 11, 12, 1, 2, 0, 18, 4, 10, 6, 15, 8, 16, 19]
len =  173.06621462377996
[14, 10, 12, 4, 5, 17, 13, 11, 6, 1, 16, 9, 3, 7, 19, 2, 0, 18, 8, 15]
len =  176.8857670642931
[8, 10, 17, 14, 2, 0, 1, 16, 19, 13, 11, 6, 9, 3, 7, 5, 18, 4, 12, 15]
len =  174.5963543691134
[9, 3, 7, 5, 18, 8, 15, 14, 10, 6, 1, 2, 13, 11, 12, 0, 17, 4, 16, 19]
len =  175.18330133581298
[15, 8, 7, 5, 17, 11, 13, 9, 3, 14, 2, 0, 18, 4, 12, 10, 6, 1, 16, 19]
len =  174.1039285976743
[14, 9, 6, 2, 8, 3, 7, 19, 10, 17, 4, 5, 18, 0, 1, 16, 11, 12, 15, 13]
len =  168.06721580242305
[2, 0, 18, 4, 5, 16, 11, 13, 14, 8, 15, 7, 9, 3, 19, 12, 10, 17, 6, 1]
len =  178.24876054634106
[16, 19, 13, 11, 6, 1, 2, 0, 18, 8, 15, 7, 9, 3, 14, 10, 17, 12, 4, 5]
len =  176.94095854795958
[15, 4, 13, 14, 9, 3, 7, 5, 17, 6, 16, 19, 11, 12, 10, 1, 2, 0, 18, 8]
len =  174.90759590398744
[13, 4, 16, 11, 12, 3, 14, 2, 0, 18, 1, 17, 15, 8, 10, 6, 9, 7, 5, 19]
len =  170.01543719097498
[15, 13, 1, 2, 6, 19, 8, 3, 14, 9, 7, 5, 16, 11, 12, 10, 17, 0, 18, 4]
len =  170.66467039599692
[4, 15, 14, 10, 6, 1, 2, 8, 11, 12, 0, 17, 13, 9, 3, 7, 16, 19, 5, 18]
len =  171.92812372878524
[10, 7, 5, 16, 19, 9, 3, 14, 8, 15, 13, 11, 12, 0, 17, 6, 1, 2, 18, 4]
len =  176.65545510073125
[1, 2, 0, 7, 15, 13, 14, 8, 10, 17, 6, 9, 3, 19, 5, 18, 4, 16, 11, 12]
len =  173.38551925872767
[9, 3, 19, 13, 11, 6, 1, 2, 0, 18, 4, 5, 17, 14, 8, 10, 12, 15, 7, 16]
len =  173.71796021319645
[8, 10, 6, 9, 3, 14, 2, 1, 16, 19, 15, 4, 5, 18, 7, 13, 11, 12, 0, 17]
len =  171.87315694583637
[13, 1, 2, 0, 17, 6, 16, 9, 7, 19, 5, 18, 4, 14, 10, 11, 12, 15, 8, 3]
len =  172.09477251740154
[7, 5, 17, 13, 14, 2, 6, 9, 3, 19, 12, 1, 16, 18, 4, 10, 11, 15, 8, 0]
len =  169.68186497174176
[7, 19, 12, 3, 14, 10, 1, 16, 9, 0, 18, 4, 5, 17, 8, 15, 13, 11, 2, 6]
len =  169.307565983918
[15, 14, 9, 3, 7, 5, 1, 2, 6, 16, 19, 13, 4, 10, 17, 0, 18, 8, 11, 12]
len =  177.99193058687842
[14, 9, 3, 7, 5, 19, 2, 6, 1, 16, 11, 12, 15, 8, 0, 18, 4, 10, 17, 13]
len =  178.3774148949105
[18, 8, 15, 4, 5, 16, 19, 13, 11, 10, 17, 0, 7, 9, 3, 14, 2, 12, 6, 1]
len =  173.60029711740128
[3, 2, 0, 17, 6, 1, 16, 11, 12, 10, 15, 8, 13, 4, 5, 18, 14, 9, 7, 19]
len =  171.09162786384957
[3, 7, 6, 1, 2, 12, 16, 19, 5, 18, 4, 13, 11, 10, 17, 8, 0, 15, 14, 9]
len =  169.77049584150816
[10, 6, 17, 12, 3, 19, 13, 11, 2, 18, 4, 15, 8, 7, 5, 1, 16, 14, 9, 0]
len =  165.55706780141216
[7, 9, 3, 19, 2, 6, 1, 18, 4, 5, 17, 11, 13, 14, 10, 12, 0, 15, 8, 16]
len =  171.5619911477274
[0, 10, 2, 6, 1, 16, 19, 13, 4, 5, 17, 3, 14, 9, 7, 15, 8, 11, 12, 18]
len =  171.08141839911477
[0, 12, 15, 4, 13, 14, 9, 3, 7, 5, 1, 18, 8, 10, 17, 11, 6, 16, 19, 2]
len =  174.51848416016654
[12, 18, 8, 15, 4, 0, 10, 1, 2, 13, 14, 9, 3, 7, 19, 5, 17, 6, 16, 11]
len =  171.36089073482046
[18, 8, 15, 13, 11, 12, 4, 5, 17, 0, 7, 9, 3, 14, 10, 6, 16, 19, 2, 1]
len =  173.92806970436993
[10, 17, 0, 18, 7, 5, 19, 13, 11, 12, 1, 2, 6, 16, 9, 3, 14, 8, 15, 4]
len =  175.09045876281075
TIME <elapsed>
