1 2
7 3
8 6
16 7
19 9
20 18
23 25
111 27
112 54
115 73
118 97
121 129
124 171
127 231
130 313
143 327
144 649
170 703
178 871
181 1161
182 2223
208 2463
216 2919
237 3711
261 6171
267 10971
275 13255
278 17647
281 23529
307 26623
310 34239
323 35655
339 52527
350 77031
353 106239
374 142587
382 156159
385 216367
442 230631
448 410011
469 511935
508 626331
524 837799
527 1117065
530 1501353
556 1723519
559 2298025
562 3064033
583 3542887
596 3732423
612 5649499
664 6649279
685 8400511
<elapsed> numbers/second
1 2
7 3
8 6
16 7
19 9
20 18
23 25
111 27
112 54
115 73
118 97
121 129
124 171
127 231
130 313
143 327
144 649
170 703
178 871
181 1161
182 2223
208 2463
216 2919
237 3711
261 6171
267 10971
275 13255
278 17647
281 23529
307 26623
310 34239
323 35655
339 52527
350 77031
353 106239
374 142587
382 156159
385 216367
442 230631
448 410011
469 511935
508 626331
524 837799
527 1117065
530 1501353
556 1723519
559 2298025
562 3064033
583 3542887
596 3732423
612 5649499
664 6649279
685 8400511
<elapsed> numbers/second
1 2
7 3
8 6
16 7
19 9
20 18
23 25
111 27
112 54
115 73
118 97
121 129
124 171
127 231
130 313
143 327
144 649
170 703
178 871
181 1161
182 2223
208 2463
216 2919
237 3711
261 6171
267 10971
275 13255
278 17647
281 23529
307 26623
310 34239
323 35655
339 52527
350 77031
353 106239
374 142587
382 156159
385 216367
442 230631
448 410011
469 511935
508 626331
524 837799
527 1117065
530 1501353
556 1723519
559 2298025
562 3064033
583 3542887
596 3732423
612 5649499
664 6649279
685 8400511
<elapsed> numbers/second
1 2
7 3
8 6
16 7
19 9
20 18
23 25
111 27
112 54
115 73
118 97
121 129
124 171
127 231
130 313
143 327
144 649
170 703
178 871
181 1161
182 2223
208 2463
216 2919
237 3711
261 6171
267 10971
275 13255
278 17647
281 23529
307 26623
310 34239
323 35655
339 52527
350 77031
353 106239
374 142587
382 156159
385 216367
442 230631
448 410011
469 511935
508 626331
524 837799
527 1117065
530 1501353
556 1723519
559 2298025
562 3064033
583 3542887
596 3732423
612 5649499
664 6649279
685 8400511
<elapsed> numbers/second
1 2
7 3
8 6
16 7
19 9
20 18
23 25
111 27
112 54
115 73
118 97
121 129
124 171
127 231
130 313
143 327
144 649
170 703
178 871
181 1161
182 2223
208 2463
216 2919
237 3711
261 6171
267 10971
275 13255
278 17647
281 23529
307 26623
310 34239
323 35655
339 52527
350 77031
353 106239
374 142587
382 156159
385 216367
442 230631
448 410011
469 511935
508 626331
524 837799
527 1117065
530 1501353
556 1723519
559 2298025
562 3064033
583 3542887
596 3732423
612 5649499
664 6649279
685 8400511
<elapsed> numbers/second
1 2
7 3
8 6
16 7
19 9
20 18
23 25
111 27
112 54
115 73
118 97
121 129
124 171
127 231
130 313
143 327
144 649
170 703
178 871
181 1161
182 2223
208 2463
216 2919
237 3711
261 6171
267 10971
275 13255
278 17647
281 23529
307 26623
310 34239
323 35655
339 52527
350 77031
353 106239
374 142587
382 156159
385 216367
442 230631
448 410011
469 511935
508 626331
524 837799
527 1117065
530 1501353
556 1723519
559 2298025
562 3064033
583 3542887
596 3732423
612 5649499
664 6649279
685 8400511
<elapsed> numbers/second
1 2
7 3
8 6
16 7
19 9
20 18
23 25
111 27
112 54
115 73
118 97
121 129
124 171
127 231
130 313
143 327
144 649
170 703
178 871
181 1161
182 2223
208 2463
216 2919
237 3711
261 6171
267 10971
275 13255
278 17647
281 23529
307 26623
310 34239
323 35655
339 52527
350 77031
353 106239
374 142587
382 156159
385 216367
442 230631
448 410011
469 511935
508 626331
524 837799
527 1117065
530 1501353
556 1723519
559 2298025
562 3064033
583 3542887
596 3732423
612 5649499
664 6649279
685 8400511
<elapsed> numbers/second
1 2
7 3
8 6
16 7
19 9
20 18
23 25
111 27
112 54
115 73
118 97
121 129
124 171
127 231
130 313
143 327
144 649
170 703
178 871
181 1161
182 2223
208 2463
216 2919
237 3711
261 6171
267 10971
275 13255
278 17647
281 23529
307 26623
310 34239
323 35655
339 52527
350 77031
353 106239
374 142587
382 156159
385 216367
442 230631
448 410011
469 511935
508 626331
524 837799
527 1117065
530 1501353
556 1723519
559 2298025
562 3064033
583 3542887
596 3732423
612 5649499
664 6649279
685 8400511
<elapsed> numbers/second
1 2
7 3
8 6
16 7
19 9
20 18
23 25
111 27
112 54
115 73
118 97
121 129
124 171
127 231
130 313
143 327
144 649
170 703
178 871
181 1161
182 2223
208 2463
216 2919
237 3711
261 6171
267 10971
275 13255
278 17647
281 23529
307 26623
310 34239
323 35655
339 52527
350 77031
353 106239
374 142587
382 156159
385 216367
442 230631
448 410011
469 511935
508 626331
524 837799
527 1117065
530 1501353
556 1723519
559 2298025
562 3064033
583 3542887
596 3732423
612 5649499
664 6649279
685 8400511
<elapsed> numbers/second
1 2
7 3
8 6
16 7
19 9
20 18
23 25
111 27
112 54
115 73
118 97
121 129
124 171
127 231
130 313
143 327
144 649
170 703
178 871
181 1161
182 2223
208 2463
216 2919
237 3711
261 6171
267 10971
275 13255
278 17647
281 23529
307 26623
310 34239
323 35655
339 52527
350 77031
353 106239
374 142587
382 156159
385 216367
442 230631
448 410011
469 511935
508 626331
524 837799
527 1117065
530 1501353
556 1723519
559 2298025
562 3064033
583 3542887
596 3732423
612 5649499
664 6649279
685 8400511
<elapsed> numbers/second
TIME <elapsed>
